M MATRIX
--------
+1.00 +0.00 +0.00 +0.71 +0.00 +0.00 +0.00 +0.00 +0.00 +0.00 +0.00 +1.00 +0.00 +0.00 
+0.00 +0.00 +0.00 +0.71 +0.00 +0.00 +0.00 +0.00 +0.00 +0.00 +0.00 +0.00 +1.00 +0.00 
-1.00 +1.00 +0.00 +0.00 +0.00 +0.37 +0.00 +0.00 +0.00 +0.00 +0.00 +0.00 +0.00 +0.00 
-0.00 +0.00 +0.00 +0.00 +1.00 +0.93 +0.00 +0.00 +0.00 +0.00 +0.00 +0.00 +0.00 +0.00 
+0.00 -1.00 +1.00 +0.00 +0.00 +0.00 -0.37 +0.00 +0.00 +0.00 +0.00 +0.00 +0.00 +0.00 
+0.00 -0.00 +0.00 +0.00 +0.00 +0.00 +0.93 +1.00 +0.00 +0.00 +0.00 +0.00 +0.00 +0.00 
+0.00 +0.00 -1.00 +0.00 +0.00 +0.00 +0.00 +0.00 -0.71 +0.00 +0.00 +0.00 +0.00 +0.00 
+0.00 +0.00 -0.00 +0.00 +0.00 +0.00 +0.00 +0.00 +0.71 +0.00 +0.00 +0.00 +0.00 +1.00 
+0.00 +0.00 +0.00 -0.71 -0.00 +0.00 +0.00 +0.00 +0.00 +1.00 +0.00 +0.00 +0.00 +0.00 
+0.00 +0.00 +0.00 -0.71 -1.00 +0.00 +0.00 +0.00 +0.00 +0.00 +0.00 +0.00 +0.00 +0.00 
+0.00 +0.00 +0.00 +0.00 +0.00 -0.37 +0.37 +0.00 +0.00 -1.00 +1.00 +0.00 +0.00 +0.00 
+0.00 +0.00 +0.00 +0.00 +0.00 -0.93 -0.93 +0.00 +0.00 -0.00 +0.00 +0.00 +0.00 +0.00 
+0.00 +0.00 +0.00 +0.00 +0.00 +0.00 +0.00 -0.00 +0.71 +0.00 -1.00 +0.00 +0.00 +0.00 
+0.00 +0.00 +0.00 +0.00 +0.00 +0.00 +0.00 -1.00 -0.71 +0.00 -0.00 +0.00 +0.00 +0.00 


SOLUTION
--------
Member 00: F=   671.43 lb [T]
Member 01: F=   700.00 lb [T]
Member 02: F=   728.57 lb [T]
Member 03: F=   949.54 lb [C]
Member 04: F=   671.43 lb [T]
Member 05: F=    76.93 lb [C]
Member 06: F=    76.93 lb [T]
Member 07: F=   728.57 lb [T]
Member 08: F=  1030.36 lb [C]
Member 09: F=   671.43 lb [C]
Member 10: F=   728.57 lb [C]
X-direction reaction on joint 0 =     +0.00 lb
Y-direction reaction on joint 0 =   +671.43 lb
Y-direction reaction on joint 3 =   +728.57 lb
