M MATRIX
--------
+1.00 +0.00 +0.00 +0.00 +0.00 +0.00 +0.60 +0.00 +0.00 +0.00 +0.00 +0.00 +0.00 +0.00 +0.00 +0.00 +0.00 +0.00 +0.00 +0.00 +0.00 +1.00 +0.00 +0.00 
+0.00 +0.00 +0.00 +0.00 +0.00 +0.00 -0.80 +0.00 +0.00 +0.00 +0.00 +0.00 +0.00 +0.00 +0.00 +0.00 +0.00 +0.00 +0.00 +0.00 +0.00 +0.00 +1.00 +0.00 
-1.00 +1.00 +0.00 +0.00 +0.00 +0.00 +0.00 +0.00 +0.60 +0.00 +0.00 +0.00 +0.00 +0.00 +0.00 +0.00 +0.00 +0.00 +0.00 +0.00 +0.00 +0.00 +0.00 +0.00 
-0.00 +0.00 +0.00 +0.00 +0.00 +0.00 +0.00 -1.00 -0.80 +0.00 +0.00 +0.00 +0.00 +0.00 +0.00 +0.00 +0.00 +0.00 +0.00 +0.00 +0.00 +0.00 +0.00 +0.00 
+0.00 -1.00 +1.00 +0.00 +0.00 +0.00 +0.00 +0.00 +0.00 +0.00 +0.60 +0.00 +0.00 +0.00 +0.00 +0.00 +0.00 +0.00 +0.00 +0.00 +0.00 +0.00 +0.00 +0.00 
+0.00 -0.00 +0.00 +0.00 +0.00 +0.00 +0.00 +0.00 +0.00 -1.00 -0.80 +0.00 +0.00 +0.00 +0.00 +0.00 +0.00 +0.00 +0.00 +0.00 +0.00 +0.00 +0.00 +0.00 
+0.00 +0.00 -1.00 +1.00 +0.00 +0.00 +0.00 +0.00 +0.00 +0.00 +0.00 +0.00 +0.00 +0.00 +0.00 +0.00 +0.00 +0.00 +0.00 +0.00 +0.00 +0.00 +0.00 +0.00 
+0.00 +0.00 -0.00 +0.00 +0.00 +0.00 +0.00 +0.00 +0.00 +0.00 +0.00 -1.00 +0.00 +0.00 +0.00 +0.00 +0.00 +0.00 +0.00 +0.00 +0.00 +0.00 +0.00 +0.00 
+0.00 +0.00 +0.00 -1.00 +1.00 +0.00 +0.00 +0.00 +0.00 +0.00 +0.00 +0.00 -0.60 +0.00 +0.00 +0.00 +0.00 +0.00 +0.00 +0.00 +0.00 +0.00 +0.00 +0.00 
+0.00 +0.00 +0.00 -0.00 +0.00 +0.00 +0.00 +0.00 +0.00 +0.00 +0.00 +0.00 -0.80 -1.00 +0.00 +0.00 +0.00 +0.00 +0.00 +0.00 +0.00 +0.00 +0.00 +0.00 
+0.00 +0.00 +0.00 +0.00 -1.00 +1.00 +0.00 +0.00 +0.00 +0.00 +0.00 +0.00 +0.00 +0.00 -0.60 +0.00 +0.00 +0.00 +0.00 +0.00 +0.00 +0.00 +0.00 +0.00 
+0.00 +0.00 +0.00 +0.00 -0.00 +0.00 +0.00 +0.00 +0.00 +0.00 +0.00 +0.00 +0.00 +0.00 -0.80 -1.00 +0.00 +0.00 +0.00 +0.00 +0.00 +0.00 +0.00 +0.00 
+0.00 +0.00 +0.00 +0.00 +0.00 -1.00 +0.00 +0.00 +0.00 +0.00 +0.00 +0.00 +0.00 +0.00 +0.00 +0.00 -0.60 +0.00 +0.00 +0.00 +0.00 +0.00 +0.00 +0.00 
+0.00 +0.00 +0.00 +0.00 +0.00 -0.00 +0.00 +0.00 +0.00 +0.00 +0.00 +0.00 +0.00 +0.00 +0.00 +0.00 -0.80 +0.00 +0.00 +0.00 +0.00 +0.00 +0.00 +1.00 
+0.00 +0.00 +0.00 +0.00 +0.00 +0.00 -0.60 -0.00 +0.00 +0.00 +0.00 +0.00 +0.00 +0.00 +0.00 +0.00 +0.00 +1.00 +0.00 +0.00 +0.00 +0.00 +0.00 +0.00 
+0.00 +0.00 +0.00 +0.00 +0.00 +0.00 +0.80 +1.00 +0.00 +0.00 +0.00 +0.00 +0.00 +0.00 +0.00 +0.00 +0.00 +0.00 +0.00 +0.00 +0.00 +0.00 +0.00 +0.00 
+0.00 +0.00 +0.00 +0.00 +0.00 +0.00 +0.00 +0.00 -0.60 -0.00 +0.00 +0.00 +0.00 +0.00 +0.00 +0.00 +0.00 -1.00 +1.00 +0.00 +0.00 +0.00 +0.00 +0.00 
+0.00 +0.00 +0.00 +0.00 +0.00 +0.00 +0.00 +0.00 +0.80 +1.00 +0.00 +0.00 +0.00 +0.00 +0.00 +0.00 +0.00 -0.00 +0.00 +0.00 +0.00 +0.00 +0.00 +0.00 
+0.00 +0.00 +0.00 +0.00 +0.00 +0.00 +0.00 +0.00 +0.00 +0.00 -0.60 -0.00 +0.60 +0.00 +0.00 +0.00 +0.00 +0.00 -1.00 +1.00 +0.00 +0.00 +0.00 +0.00 
+0.00 +0.00 +0.00 +0.00 +0.00 +0.00 +0.00 +0.00 +0.00 +0.00 +0.80 +1.00 +0.80 +0.00 +0.00 +0.00 +0.00 +0.00 -0.00 +0.00 +0.00 +0.00 +0.00 +0.00 
+0.00 +0.00 +0.00 +0.00 +0.00 +0.00 +0.00 +0.00 +0.00 +0.00 +0.00 +0.00 +0.00 -0.00 +0.60 +0.00 +0.00 +0.00 +0.00 -1.00 +1.00 +0.00 +0.00 +0.00 
+0.00 +0.00 +0.00 +0.00 +0.00 +0.00 +0.00 +0.00 +0.00 +0.00 +0.00 +0.00 +0.00 +1.00 +0.80 +0.00 +0.00 +0.00 +0.00 -0.00 +0.00 +0.00 +0.00 +0.00 
+0.00 +0.00 +0.00 +0.00 +0.00 +0.00 +0.00 +0.00 +0.00 +0.00 +0.00 +0.00 +0.00 +0.00 +0.00 -0.00 +0.60 +0.00 +0.00 +0.00 -1.00 +0.00 +0.00 +0.00 
+0.00 +0.00 +0.00 +0.00 +0.00 +0.00 +0.00 +0.00 +0.00 +0.00 +0.00 +0.00 +0.00 +0.00 +0.00 +1.00 +0.80 +0.00 +0.00 +0.00 -0.00 +0.00 +0.00 +0.00 


SOLUTION
--------
Member 00: F=  7125.00 lbs [C]
Member 01: F= 11250.00 lbs [C]
Member 02: F=  9375.00 lbs [C]
Member 03: F=  9375.00 lbs [C]
Member 04: F=  7500.00 lbs [C]
Member 05: F=  5625.00 lbs [C]
Member 06: F= 11875.00 lbs [T]
Member 07: F=  9500.00 lbs [C]
Member 08: F=  6875.00 lbs [T]
Member 09: F=  5500.00 lbs [C]
Member 10: F=  3125.00 lbs [C]
Member 11: F=     0.00 lbs [T]
Member 12: F=  3125.00 lbs [T]
Member 13: F=  2500.00 lbs [C]
Member 14: F=  3125.00 lbs [T]
Member 15: F=  7500.00 lbs [C]
Member 16: F=  9375.00 lbs [T]
Member 17: F=  7125.00 lbs [T]
Member 18: F= 11250.00 lbs [T]
Member 19: F=  7500.00 lbs [T]
Member 20: F=  5625.00 lbs [T]
X-direction reaction on joint 0 =     -0.00 lbs
Y-direction reaction on joint 0 =  +9500.00 lbs
Y-direction reaction on joint 6 =  +7500.00 lbs
